[
  {
    "rank": 0,
    "score": 0.26032641530036926,
    "width": 0.0536981001496315,
    "height": 0.029999999329447746,
    "depth": 0.029999999329447746,
    "translation": [
      0.04249146208167076,
      0.01118948869407177,
      -0.04068578779697418
    ],
    "rotation_matrix": [
      [
        -0.38795071840286255,
        0.2645094096660614,
        -0.88290935754776
      ],
      [
        -0.7294859886169434,
        0.4973722994327545,
        0.46954336762428284
      ],
      [
        0.5633333325386047,
        0.8262297511100769,
        -3.611565091432567e-08
      ]
    ],
    "pose_matrix_4x4": [
      [
        -0.38795071840286255,
        0.2645094096660614,
        -0.88290935754776,
        0.04249146208167076
      ],
      [
        -0.7294859886169434,
        0.4973722994327545,
        0.46954336762428284,
        0.01118948869407177
      ],
      [
        0.5633333325386047,
        0.8262297511100769,
        -3.611565091432567e-08,
        -0.04068578779697418
      ],
      [
        0.0,
        0.0,
        0.0,
        1.0
      ]
    ],
    "object_id": -1
  },
  {
    "rank": 1,
    "score": 0.18041492998600006,
    "width": 0.02503877878189087,
    "height": 0.029999999329447746,
    "depth": 0.029999999329447746,
    "translation": [
      0.05271904915571213,
      -0.04575653001666069,
      -0.02451789379119873
    ],
    "rotation_matrix": [
      [
        -0.8256055116653442,
        0.42379772663116455,
        -0.37251999974250793
      ],
      [
        -0.3314078748226166,
        0.17011751234531403,
        0.9280242323875427
      ],
      [
        0.4566667079925537,
        0.8896379470825195,
        -3.888731114898292e-08
      ]
    ],
    "pose_matrix_4x4": [
      [
        -0.8256055116653442,
        0.42379772663116455,
        -0.37251999974250793,
        0.05271904915571213
      ],
      [
        -0.3314078748226166,
        0.17011751234531403,
        0.9280242323875427,
        -0.04575653001666069
      ],
      [
        0.4566667079925537,
        0.8896379470825195,
        -3.888731114898292e-08,
        -0.02451789379119873
      ],
      [
        0.0,
        0.0,
        0.0,
        1.0
      ]
    ],
    "object_id": -1
  },
  {
    "rank": 2,
    "score": 0.14344315230846405,
    "width": 0.05725874751806259,
    "height": 0.029999999329447746,
    "depth": 0.029999999329447746,
    "translation": [
      0.041542500257492065,
      0.004743145778775215,
      -0.0448063462972641
    ],
    "rotation_matrix": [
      [
        -0.515224277973175,
        0.6133925914764404,
        -0.5985763669013977
      ],
      [
        -0.23804667592048645,
        0.5685117244720459,
        0.7874822020530701
      ],
      [
        0.8233333826065063,
        0.5482190251350403,
        -0.14689497649669647
      ]
    ],
    "pose_matrix_4x4": [
      [
        -0.515224277973175,
        0.6133925914764404,
        -0.5985763669013977,
        0.041542500257492065
      ],
      [
        -0.23804667592048645,
        0.5685117244720459,
        0.7874822020530701,
        0.004743145778775215
      ],
      [
        0.8233333826065063,
        0.5482190251350403,
        -0.14689497649669647,
        -0.0448063462972641
      ],
      [
        0.0,
        0.0,
        0.0,
        1.0
      ]
    ],
    "object_id": -1
  },
  {
    "rank": 3,
    "score": 0.13773633539676666,
    "width": 0.03344786539673805,
    "height": 0.029999999329447746,
    "depth": 0.019999999552965164,
    "translation": [
      0.009842963889241219,
      0.05027034506201744,
      -0.034299179911613464
    ],
    "rotation_matrix": [
      [
        0.06589152663946152,
        -0.04118236154317856,
        -0.9969765543937683
      ],
      [
        -0.8454338312149048,
        0.5283976197242737,
        -0.07770249992609024
      ],
      [
        0.5300000309944153,
        0.8479976058006287,
        -3.7067152902636735e-08
      ]
    ],
    "pose_matrix_4x4": [
      [
        0.06589152663946152,
        -0.04118236154317856,
        -0.9969765543937683,
        0.009842963889241219
      ],
      [
        -0.8454338312149048,
        0.5283976197242737,
        -0.07770249992609024,
        0.05027034506201744
      ],
      [
        0.5300000309944153,
        0.8479976058006287,
        -3.7067152902636735e-08,
        -0.034299179911613464
      ],
      [
        0.0,
        0.0,
        0.0,
        1.0
      ]
    ],
    "object_id": -1
  },
  {
    "rank": 4,
    "score": 0.1374450922012329,
    "width": 0.07999999821186066,
    "height": 0.029999999329447746,
    "depth": 0.019999999552965164,
    "translation": [
      0.005239809397608042,
      0.056602172553539276,
      -0.027291467413306236
    ],
    "rotation_matrix": [
      [
        0.06589152663946152,
        0.9969765543937683,
        -0.04118231683969498
      ],
      [
        -0.8454338312149048,
        0.07770247757434845,
        0.5283976197242737
      ],
      [
        0.5300000309944153,
        0.0,
        0.8479976058006287
      ]
    ],
    "pose_matrix_4x4": [
      [
        0.06589152663946152,
        0.9969765543937683,
        -0.04118231683969498,
        0.005239809397608042
      ],
      [
        -0.8454338312149048,
        0.07770247757434845,
        0.5283976197242737,
        0.056602172553539276
      ],
      [
        0.5300000309944153,
        0.0,
        0.8479976058006287,
        -0.027291467413306236
      ],
      [
        0.0,
        0.0,
        0.0,
        1.0
      ]
    ],
    "object_id": -1
  },
  {
    "rank": 5,
    "score": 0.12063691020011902,
    "width": 0.020659521222114563,
    "height": 0.029999999329447746,
    "depth": 0.004999999888241291,
    "translation": [
      0.04654812067747116,
      -0.027529025450348854,
      -0.023420818150043488
    ],
    "rotation_matrix": [
      [
        -0.9596739411354065,
        0.2619600296020508,
        0.10199467837810516
      ],
      [
        0.09839478135108948,
        -0.026858558878302574,
        0.994784951210022
      ],
      [
        0.2633333206176758,
        0.9647049307823181,
        -4.21685903972957e-08
      ]
    ],
    "pose_matrix_4x4": [
      [
        -0.9596739411354065,
        0.2619600296020508,
        0.10199467837810516,
        0.04654812067747116
      ],
      [
        0.09839478135108948,
        -0.026858558878302574,
        0.994784951210022,
        -0.027529025450348854
      ],
      [
        0.2633333206176758,
        0.9647049307823181,
        -4.21685903972957e-08,
        -0.023420818150043488
      ],
      [
        0.0,
        0.0,
        0.0,
        1.0
      ]
    ],
    "object_id": -1
  },
  {
    "rank": 6,
    "score": 0.11095117777585983,
    "width": 0.07999999821186066,
    "height": 0.029999999329447746,
    "depth": 0.029999999329447746,
    "translation": [
      0.035925865173339844,
      -0.005254259333014488,
      -0.043142952024936676
    ],
    "rotation_matrix": [
      [
        -0.6358653903007507,
        0.7673709392547607,
        -0.08256512880325317
      ],
      [
        -0.05268014967441559,
        0.06357516348361969,
        0.9965856671333313
      ],
      [
        0.7699999809265137,
        0.6380438804626465,
        -2.788978292755928e-08
      ]
    ],
    "pose_matrix_4x4": [
      [
        -0.6358653903007507,
        0.7673709392547607,
        -0.08256512880325317,
        0.035925865173339844
      ],
      [
        -0.05268014967441559,
        0.06357516348361969,
        0.9965856671333313,
        -0.005254259333014488
      ],
      [
        0.7699999809265137,
        0.6380438804626465,
        -2.788978292755928e-08,
        -0.043142952024936676
      ],
      [
        0.0,
        0.0,
        0.0,
        1.0
      ]
    ],
    "object_id": -1
  },
  {
    "rank": 7,
    "score": 0.10861840099096298,
    "width": 0.04301432520151138,
    "height": 0.029999999329447746,
    "depth": 0.019999999552965164,
    "translation": [
      0.007348332554101944,
      0.05068611353635788,
      -0.031991470605134964
    ],
    "rotation_matrix": [
      [
        0.33706778287887573,
        -0.4693089723587036,
        -0.8161705732345581
      ],
      [
        -0.7389909029006958,
        0.40524056553840637,
        -0.5382123589515686
      ],
      [
        0.5833333134651184,
        0.7845566868782043,
        -0.21022151410579681
      ]
    ],
    "pose_matrix_4x4": [
      [
        0.33706778287887573,
        -0.4693089723587036,
        -0.8161705732345581,
        0.007348332554101944
      ],
      [
        -0.7389909029006958,
        0.40524056553840637,
        -0.5382123589515686,
        0.05068611353635788
      ],
      [
        0.5833333134651184,
        0.7845566868782043,
        -0.21022151410579681,
        -0.031991470605134964
      ],
      [
        0.0,
        0.0,
        0.0,
        1.0
      ]
    ],
    "object_id": -1
  },
  {
    "rank": 8,
    "score": 0.0813976377248764,
    "width": 0.060719653964042664,
    "height": 0.029999999329447746,
    "depth": 0.029999999329447746,
    "translation": [
      0.047110918909311295,
      0.009600085206329823,
      -0.033407654613256454
    ],
    "rotation_matrix": [
      [
        -0.38795071840286255,
        -0.21238285303115845,
        -0.8968766331672668
      ],
      [
        -0.7294859886169434,
        0.6655087471008301,
        0.15795034170150757
      ],
      [
        0.5633333325386047,
        0.7155359387397766,
        -0.4131149351596832
      ]
    ],
    "pose_matrix_4x4": [
      [
        -0.38795071840286255,
        -0.21238285303115845,
        -0.8968766331672668,
        0.047110918909311295
      ],
      [
        -0.7294859886169434,
        0.6655087471008301,
        0.15795034170150757,
        0.009600085206329823
      ],
      [
        0.5633333325386047,
        0.7155359387397766,
        -0.4131149351596832,
        -0.033407654613256454
      ],
      [
        0.0,
        0.0,
        0.0,
        1.0
      ]
    ],
    "object_id": -1
  },
  {
    "rank": 9,
    "score": 0.07460922747850418,
    "width": 0.07999999821186066,
    "height": 0.029999999329447746,
    "depth": 0.029999999329447746,
    "translation": [
      -0.0035616708919405937,
      0.03175908327102661,
      -0.05009526386857033
    ],
    "rotation_matrix": [
      [
        -0.0031894217245280743,
        0.9999881386756897,
        0.0036912295036017895
      ],
      [
        -0.6537930965423584,
        -0.004878276959061623,
        0.7566576600074768
      ],
      [
        0.7566666603088379,
        0.0,
        0.653800904750824
      ]
    ],
    "pose_matrix_4x4": [
      [
        -0.0031894217245280743,
        0.9999881386756897,
        0.0036912295036017895,
        -0.0035616708919405937
      ],
      [
        -0.6537930965423584,
        -0.004878276959061623,
        0.7566576600074768,
        0.03175908327102661
      ],
      [
        0.7566666603088379,
        0.0,
        0.653800904750824,
        -0.05009526386857033
      ],
      [
        0.0,
        0.0,
        0.0,
        1.0
      ]
    ],
    "object_id": -1
  },
  {
    "rank": 10,
    "score": 0.06935057789087296,
    "width": 0.02417846769094467,
    "height": 0.029999999329447746,
    "depth": 0.004999999888241291,
    "translation": [
      0.0313291922211647,
      -0.022418800741434097,
      -0.025377636775374413
    ],
    "rotation_matrix": [
      [
        -0.9419974088668823,
        -0.0017998144030570984,
        -0.335615336894989
      ],
      [
        -0.32332783937454224,
        0.27302300930023193,
        0.9060449600219727
      ],
      [
        0.09000000357627869,
        0.9620057940483093,
        -0.2577688992023468
      ]
    ],
    "pose_matrix_4x4": [
      [
        -0.9419974088668823,
        -0.0017998144030570984,
        -0.335615336894989,
        0.0313291922211647
      ],
      [
        -0.32332783937454224,
        0.27302300930023193,
        0.9060449600219727,
        -0.022418800741434097
      ],
      [
        0.09000000357627869,
        0.9620057940483093,
        -0.2577688992023468,
        -0.025377636775374413
      ],
      [
        0.0,
        0.0,
        0.0,
        1.0
      ]
    ],
    "object_id": -1
  },
  {
    "rank": 11,
    "score": 0.06729504466056824,
    "width": 0.060403674840927124,
    "height": 0.029999999329447746,
    "depth": 0.019999999552965164,
    "translation": [
      0.027753489091992378,
      6.564892828464508e-05,
      -0.04116193205118179
    ],
    "rotation_matrix": [
      [
        -0.1557886302471161,
        0.39417675137519836,
        -0.9057342410087585
      ],
      [
        -0.33291125297546387,
        0.8423328399658203,
        0.42384597659111023
      ],
      [
        0.9300000071525574,
        0.3675594925880432,
        -1.6066536545622512e-08
      ]
    ],
    "pose_matrix_4x4": [
      [
        -0.1557886302471161,
        0.39417675137519836,
        -0.9057342410087585,
        0.027753489091992378
      ],
      [
        -0.33291125297546387,
        0.8423328399658203,
        0.42384597659111023,
        6.564892828464508e-05
      ],
      [
        0.9300000071525574,
        0.3675594925880432,
        -1.6066536545622512e-08,
        -0.04116193205118179
      ],
      [
        0.0,
        0.0,
        0.0,
        1.0
      ]
    ],
    "object_id": -1
  },
  {
    "rank": 12,
    "score": 0.05444356054067612,
    "width": 0.039689160883426666,
    "height": 0.029999999329447746,
    "depth": 0.029999999329447746,
    "translation": [
      -0.018556809052824974,
      0.019936757162213326,
      -0.05608344078063965
    ],
    "rotation_matrix": [
      [
        0.6265186071395874,
        -0.7753347158432007,
        0.07956463098526001
      ],
      [
        0.32151898741722107,
        0.1641068160533905,
        -0.9325740933418274
      ],
      [
        0.7099999785423279,
        0.6098566055297852,
        0.35210081934928894
      ]
    ],
    "pose_matrix_4x4": [
      [
        0.6265186071395874,
        -0.7753347158432007,
        0.07956463098526001,
        -0.018556809052824974
      ],
      [
        0.32151898741722107,
        0.1641068160533905,
        -0.9325740933418274,
        0.019936757162213326
      ],
      [
        0.7099999785423279,
        0.6098566055297852,
        0.35210081934928894,
        -0.05608344078063965
      ],
      [
        0.0,
        0.0,
        0.0,
        1.0
      ]
    ],
    "object_id": -1
  },
  {
    "rank": 13,
    "score": 0.05228562653064728,
    "width": 0.016666995361447334,
    "height": 0.029999999329447746,
    "depth": 0.004999999888241291,
    "translation": [
      -0.008292589336633682,
      0.03242315351963043,
      -0.05249284952878952
    ],
    "rotation_matrix": [
      [
        -0.0031894217245280743,
        -0.9649590849876404,
        -0.26238128542900085
      ],
      [
        -0.6537930965423584,
        0.20054936408996582,
        -0.7296125888824463
      ],
      [
        0.7566666603088379,
        0.16921602189540863,
        -0.6315231919288635
      ]
    ],
    "pose_matrix_4x4": [
      [
        -0.0031894217245280743,
        -0.9649590849876404,
        -0.26238128542900085,
        -0.008292589336633682
      ],
      [
        -0.6537930965423584,
        0.20054936408996582,
        -0.7296125888824463,
        0.03242315351963043
      ],
      [
        0.7566666603088379,
        0.16921602189540863,
        -0.6315231919288635,
        -0.05249284952878952
      ],
      [
        0.0,
        0.0,
        0.0,
        1.0
      ]
    ],
    "object_id": -1
  },
  {
    "rank": 14,
    "score": 0.050570446997880936,
    "width": 0.060832444578409195,
    "height": 0.029999999329447746,
    "depth": 0.029999999329447746,
    "translation": [
      0.03856880962848663,
      -0.015621979720890522,
      -0.033816948533058167
    ],
    "rotation_matrix": [
      [
        -0.8568745851516724,
        0.5090150833129883,
        -0.08166803419589996
      ],
      [
        0.16020597517490387,
        0.4134957790374756,
        0.8963009715080261
      ],
      [
        0.49000000953674316,
        0.754933774471283,
        -0.4358612895011902
      ]
    ],
    "pose_matrix_4x4": [
      [
        -0.8568745851516724,
        0.5090150833129883,
        -0.08166803419589996,
        0.03856880962848663
      ],
      [
        0.16020597517490387,
        0.4134957790374756,
        0.8963009715080261,
        -0.015621979720890522
      ],
      [
        0.49000000953674316,
        0.754933774471283,
        -0.4358612895011902,
        -0.033816948533058167
      ],
      [
        0.0,
        0.0,
        0.0,
        1.0
      ]
    ],
    "object_id": -1
  },
  {
    "rank": 15,
    "score": 0.04938487708568573,
    "width": 0.04958575591444969,
    "height": 0.029999999329447746,
    "depth": 0.029999999329447746,
    "translation": [
      -0.015134463086724281,
      0.026813989505171776,
      -0.06150919571518898
    ],
    "rotation_matrix": [
      [
        0.14391817152500153,
        -0.19325341284275055,
        -0.9705362915992737
      ],
      [
        -0.2771056890487671,
        0.9336404204368591,
        -0.22699794173240662
      ],
      [
        0.949999988079071,
        0.3016102612018585,
        0.08081619441509247
      ]
    ],
    "pose_matrix_4x4": [
      [
        0.14391817152500153,
        -0.19325341284275055,
        -0.9705362915992737,
        -0.015134463086724281
      ],
      [
        -0.2771056890487671,
        0.9336404204368591,
        -0.22699794173240662,
        0.026813989505171776
      ],
      [
        0.949999988079071,
        0.3016102612018585,
        0.08081619441509247,
        -0.06150919571518898
      ],
      [
        0.0,
        0.0,
        0.0,
        1.0
      ]
    ],
    "object_id": -1
  },
  {
    "rank": 16,
    "score": 0.04937734454870224,
    "width": 0.02511366456747055,
    "height": 0.029999999329447746,
    "depth": 0.004999999888241291,
    "translation": [
      -0.007691264618188143,
      0.025770284235477448,
      -0.053372159600257874
    ],
    "rotation_matrix": [
      [
        -0.34101662039756775,
        0.7053799033164978,
        0.6214070916175842
      ],
      [
        -0.33935707807540894,
        -0.708829402923584,
        0.6183830499649048
      ],
      [
        0.8766666650772095,
        0.0,
        0.4810982644557953
      ]
    ],
    "pose_matrix_4x4": [
      [
        -0.34101662039756775,
        0.7053799033164978,
        0.6214070916175842,
        -0.007691264618188143
      ],
      [
        -0.33935707807540894,
        -0.708829402923584,
        0.6183830499649048,
        0.025770284235477448
      ],
      [
        0.8766666650772095,
        0.0,
        0.4810982644557953,
        -0.053372159600257874
      ],
      [
        0.0,
        0.0,
        0.0,
        1.0
      ]
    ],
    "object_id": -1
  },
  {
    "rank": 17,
    "score": 0.04075126349925995,
    "width": 0.030065076425671577,
    "height": 0.029999999329447746,
    "depth": 0.029999999329447746,
    "translation": [
      -0.03164532035589218,
      0.004471493884921074,
      -0.03609910234808922
    ],
    "rotation_matrix": [
      [
        0.8333065509796143,
        -0.28473004698753357,
        -0.4738449156284332
      ],
      [
        -0.448392391204834,
        0.15320980548858643,
        -0.880608320236206
      ],
      [
        0.3233333230018616,
        0.9462851285934448,
        -4.1363435343555466e-08
      ]
    ],
    "pose_matrix_4x4": [
      [
        0.8333065509796143,
        -0.28473004698753357,
        -0.4738449156284332,
        -0.03164532035589218
      ],
      [
        -0.448392391204834,
        0.15320980548858643,
        -0.880608320236206,
        0.004471493884921074
      ],
      [
        0.3233333230018616,
        0.9462851285934448,
        -4.1363435343555466e-08,
        -0.03609910234808922
      ],
      [
        0.0,
        0.0,
        0.0,
        1.0
      ]
    ],
    "object_id": -1
  },
  {
    "rank": 18,
    "score": 0.040471747517585754,
    "width": 0.036188531666994095,
    "height": 0.029999999329447746,
    "depth": 0.004999999888241291,
    "translation": [
      0.03565075993537903,
      -0.016702748835086823,
      -0.03290450572967529
    ],
    "rotation_matrix": [
      [
        -0.8306755423545837,
        -0.5566261410713196,
        -0.012059495784342289
      ],
      [
        -0.01001827698200941,
        -0.006713089067488909,
        0.9999272227287292
      ],
      [
        -0.5566666722297668,
        0.8307359218597412,
        -3.631262046610573e-08
      ]
    ],
    "pose_matrix_4x4": [
      [
        -0.8306755423545837,
        -0.5566261410713196,
        -0.012059495784342289,
        0.03565075993537903
      ],
      [
        -0.01001827698200941,
        -0.006713089067488909,
        0.9999272227287292,
        -0.016702748835086823
      ],
      [
        -0.5566666722297668,
        0.8307359218597412,
        -3.631262046610573e-08,
        -0.03290450572967529
      ],
      [
        0.0,
        0.0,
        0.0,
        1.0
      ]
    ],
    "object_id": -1
  },
  {
    "rank": 19,
    "score": 0.04022572562098503,
    "width": 0.038015544414520264,
    "height": 0.029999999329447746,
    "depth": 0.004999999888241291,
    "translation": [
      0.07604123651981354,
      -0.11742816120386124,
      -0.04866309091448784
    ],
    "rotation_matrix": [
      [
        -0.40493783354759216,
        0.8887749910354614,
        -0.2147194743156433
      ],
      [
        -0.08902444690465927,
        0.19539472460746765,
        0.976675808429718
      ],
      [
        0.9100000262260437,
        0.41460826992988586,
        -1.8123103018297115e-08
      ]
    ],
    "pose_matrix_4x4": [
      [
        -0.40493783354759216,
        0.8887749910354614,
        -0.2147194743156433,
        0.07604123651981354
      ],
      [
        -0.08902444690465927,
        0.19539472460746765,
        0.976675808429718,
        -0.11742816120386124
      ],
      [
        0.9100000262260437,
        0.41460826992988586,
        -1.8123103018297115e-08,
        -0.04866309091448784
      ],
      [
        0.0,
        0.0,
        0.0,
        1.0
      ]
    ],
    "object_id": -1
  }
]